0.0019163399999797548
0.0020600529999228456
0.001989347999824531
0.0020004870000320807
0.0016914569998789375
0.0016545840001072065
0.0019464900001366914
0.0017554710000240448
0.0018570299998827977
0.001827904000037961
0.0018223350000425853
0.0017837020000115444
0.0020316620000357943
0.0019048169999678066
0.0019176519999746233
0.0018682649999846035
0.0019244380000600358
0.0019057449999309028
0.00202141899990238
0.001936728000146104
0.0020711269999083015
0.0018626309999945079
0.002878702999851157
0.0017453890000069805
0.0017282010001054005
0.0017562399998496403
0.002212760000020353
0.0018557180001153029
0.0018481970000721049
0.001844483000013497
0.0018209580000529968
0.00352678600006584
0.0017669299998033239
0.002316205999932208
0.0018095309999353049
0.0018767139999908977
0.0018877570000768173
0.002239549000023544
0.0018888770000557997
0.0020355030001155683
0.0019425220000357513
0.0019500109999626147
0.0016989470000225992
0.0016237299998920207
0.0016928970001117705
0.0016989460000331746
0.0017172220000247762
0.0017067559999759396
0.001918612000054054
0.0017597920000298473
0.0018018179998762207
0.0017897509999329486
0.001817982000147822
0.001829152000027534
0.0029861830000754708
0.0018485170000985818
0.0018618629999309633
0.0018924299999980576
0.0024610069999653206
0.0019219729999804258
0.0030522459999247076
0.0019110270000055607
0.0018996639998931641
0.0016050689998792222
0.00205761999995957
0.0017222480000782525
0.0017135420000613522
0.0017312420000052953
0.001660026000081416
0.0017018270000335178
0.001725737000015215
0.0019121790001008776
0.0018730979998053954
0.0018537010000727605
0.0018265909998262941
0.0018175650000102905
0.0018736100000751321
